0.718894 0.718894 0.7235023 0.718894 0.718894
0.7096774 0.7142857 0.7281106 0.7235023 0.7096774
0.7142857 0.7142857 0.718894 0.7096774 0.6866359
0.6682028 0.640553 0.6221198 0.6221198 0.6728111
0.6912442 0.6912442 0.6912442 0.6820276 0.6820276
0.6728111 0.7327189 0.7235023 0.7096774 0.7142857
0.7142857 0.7096774 0.718894 0.7327189 0.7142857
0.718894 0.7281106 0.7142857 0.7281106 0.7235023
0.7096774 0.7004608 0.6774194 0.6543779 0.5990783
0.5898618 0.640553 0.6820276 0.6912442 0.6820276
0.6774194 0.6774194 0.7373272 0.7235023 0.718894
0.7235023 0.718894 0.7142857 0.718894 0.7235023
0.7281106 0.7327189 0.7281106 0.718894 0.7235023
0.7235023 0.7050691 0.7004608 0.6820276 0.6820276
0.6359447 0.5852535 0.5714286 0.6497696 0.7096774
0.7050691 0.7050691 0.6912442 0.7373272 0.7327189
0.7327189 0.7373272 0.7327189 0.7235023 0.7281106
0.7281106 0.7235023 0.7373272 0.7373272 0.7327189
0.7281106 0.718894 0.7235023 0.7050691 0.6820276
0.6820276 0.6728111 0.640553 0.6175115 0.5668203
0.6728111 0.7373272 0.7327189 0.7327189 0.7465438
0.7465438 0.7327189 0.7373272 0.7327189 0.7419355
0.7465438 0.7419355 0.7327189 0.7419355 0.7419355
0.7327189 0.7235023 0.7096774 0.7142857 0.7050691
0.6912442 0.6912442 0.7004608 0.6820276 0.6543779
0.59447 0.562212 0.6912442 0.7373272 0.7419355
0.7557604 0.7465438 0.7373272 0.7419355 0.7419355
0.7511521 0.7557604 0.7511521 0.7465438 0.7465438
0.7557604 0.7465438 0.7327189 0.7142857 0.7050691
0.7004608 0.7004608 0.6866359 0.6866359 0.6912442
0.6774194 0.6359447 0.562212 0.562212 0.7004608
0.7235023 0.7511521 0.7419355 0.7465438 0.7511521
0.7419355 0.7511521 0.7465438 0.7511521 0.7511521
0.7511521 0.7511521 0.7419355 0.7281106 0.7419355
0.7281106 0.7096774 0.7096774 0.6958525 0.6820276
0.6774194 0.6635945 0.6589862 0.6267281 0.5483871
0.6036866 0.6912442 0.7511521 0.7419355 0.7603687
0.7511521 0.7511521 0.7603687 0.7557604 0.7557604
0.7557604 0.7511521 0.7327189 0.7327189 0.718894
0.7327189 0.718894 0.7142857 0.7004608 0.6912442
0.6912442 0.6866359 0.6820276 0.6774194 0.6497696
0.59447 0.5299539 0.6082949 0.7603687 0.7603687
0.7695853 0.7695853 0.7741935 0.7741935 0.7603687
0.764977 0.7603687 0.7511521 0.7373272 0.7235023
0.7096774 0.7142857 0.6912442 0.6866359 0.6820276
0.6912442 0.7004608 0.6866359 0.6774194 0.6866359
0.6682028 0.6313364 0.5576037 0.5115207 0.7788018
0.7695853 0.7741935 0.7834101 0.7788018 0.7741935
0.7603687 0.7695853 0.7603687 0.7511521 0.7465438
0.7235023 0.7235023 0.7142857 0.7004608 0.6912442
0.6728111 0.6866359 0.6912442 0.6912442 0.6635945
0.6543779 0.6728111 0.6267281 0.5714286 0.4792627
0.7834101 0.7741935 0.7741935 0.7880184 0.7788018
0.7741935 0.7695853 0.7695853 0.7603687 0.7373272
0.7327189 0.7327189 0.7235023 0.718894 0.7142857
0.7096774 0.6866359 0.6728111 0.6820276 0.6820276
0.6682028 0.6728111 0.6820276 0.6543779 0.6129032
0.5207373 0.7880184 0.7741935 0.7788018 0.7880184
0.7834101 0.7695853 0.7741935 0.764977 0.7465438
0.7327189 0.7281106 0.7281106 0.7096774 0.7142857
0.7235023 0.7096774 0.7004608 0.6820276 0.6728111
0.6774194 0.6589862 0.6589862 0.6728111 0.6635945
0.640553 0.5898618 0.7880184 0.7741935 0.7741935
0.7788018 0.7834101 0.7741935 0.764977 0.7511521
0.7327189 0.7235023 0.7096774 0.7004608 0.7096774
0.6958525 0.7050691 0.7096774 0.6912442 0.6912442
0.6866359 0.6728111 0.6728111 0.6728111 0.6728111
0.6682028 0.6313364 0.5990783 0.7926267 0.7788018
0.7788018 0.7788018 0.7788018 0.7788018 0.764977
0.7327189 0.7142857 0.6866359 0.6912442 0.6866359
0.6912442 0.6820276 0.6728111 0.6774194 0.6820276
0.6820276 0.6774194 0.6728111 0.6728111 0.6820276
0.6635945 0.6682028 0.6451613 0.6129032 0.797235
0.7926267 0.7880184 0.7834101 0.7788018 0.7741935
0.7603687 0.7235023 0.7050691 0.6866359 0.6728111
0.6682028 0.6635945 0.6635945 0.6497696 0.6359447
0.6728111 0.6866359 0.6866359 0.6774194 0.6774194
0.6820276 0.6728111 0.6728111 0.6820276 0.6682028
0.7926267 0.7880184 0.7926267 0.7880184 0.7834101
0.7741935 0.7465438 0.7142857 0.6866359 0.6774194
0.6728111 0.6635945 0.6497696 0.6451613 0.6543779
0.640553 0.6820276 0.7050691 0.7004608 0.6866359
0.6774194 0.6912442 0.6866359 0.6820276 0.6958525
0.6774194 0.7834101 0.7788018 0.7788018 0.7834101
0.7926267 0.7788018 0.7419355 0.7096774 0.6820276
0.6866359 0.6820276 0.6635945 0.6313364 0.6175115
0.6451613 0.6635945 0.6958525 0.7142857 0.6912442
0.6866359 0.6958525 0.6866359 0.6820276 0.6866359
0.7050691 0.6958525 0.7788018 0.7788018 0.7788018
0.7880184 0.797235 0.7741935 0.7419355 0.6958525
0.6820276 0.6912442 0.6635945 0.6451613 0.5852535
0.5391705 0.5852535 0.6635945 0.7050691 0.7096774
0.6912442 0.6912442 0.6958525 0.7096774 0.7096774
0.718894 0.7281106 0.7096774 0.7741935 0.7880184
0.7926267 0.7926267 0.7880184 0.7695853 0.7327189
0.6912442 0.6820276 0.6820276 0.6543779 0.6036866
0.5207373 0.4470046 0.5253456 0.6313364 0.6958525
0.7050691 0.6958525 0.7050691 0.7004608 0.718894
0.718894 0.7327189 0.7235023 0.7281106 0.764977
0.7741935 0.7880184 0.797235 0.7880184 0.7695853
0.7465438 0.7096774 0.6774194 0.6728111 0.6682028
0.6082949 0.4792627 0.3870968 0.5253456 0.6082949
0.6497696 0.6866359 0.6866359 0.6912442 0.7096774
0.7142857 0.7142857 0.7235023 0.7004608 0.7142857
0.7603687 0.764977 0.7741935 0.7741935 0.7695853
0.7511521 0.7142857 0.6912442 0.6728111 0.6820276
0.6912442 0.5898618 0.4516129 0.3963134 0.5299539
0.59447 0.6175115 0.6497696 0.6728111 0.6820276
0.6866359 0.7004608 0.7142857 0.7096774 0.6912442
0.7096774 0.7327189 0.7419355 0.7511521 0.7419355
0.7419355 0.7235023 0.6682028 0.6635945 0.6866359
0.7050691 0.7004608 0.5714286 0.4423963 0.4101382
0.5023041 0.5806452 0.6036866 0.6221198 0.6497696
0.6589862 0.6682028 0.6820276 0.7096774 0.7142857
0.7142857 0.7281106 0.6774194 0.7142857 0.7327189
0.7096774 0.7050691 0.6866359 0.640553 0.6635945
0.6774194 0.7050691 0.6774194 0.5345622 0.437788
0.4331797 0.5345622 0.5760369 0.5852535 0.5898618
0.6175115 0.640553 0.6543779 0.6774194 0.7050691
0.7281106 0.7557604 0.7465438 0.5898618 0.6497696
0.6866359 0.6774194 0.6774194 0.6682028 0.6543779
0.6866359 0.7004608 0.7004608 0.6359447 0.5115207
0.4470046 0.4239631 0.5391705 0.5714286 0.562212
0.5668203 0.5990783 0.6175115 0.6359447 0.6820276
0.7050691 0.7327189 0.764977 0.7603687 0.5483871
0.5990783 0.6635945 0.6774194 0.6774194 0.6682028
0.6866359 0.7096774 0.7281106 0.7004608 0.5852535
0.5115207 0.4562212 0.4239631 0.5437788 0.6082949
0.5714286 0.5529954 0.5760369 0.5990783 0.6129032
0.6728111 0.7004608 0.7281106 0.7695853 0.7695853
0.5668203 0.5990783 0.6221198 0.6497696 0.6728111
0.6635945 0.6774194 0.7142857 0.7373272 0.6635945
0.5345622 0.516129 0.4331797 0.4193548 0.5576037
0.640553 0.59447 0.5529954 0.562212 0.5806452
0.59447 0.6589862 0.7050691 0.7235023 0.7603687
0.7695853 0.5990783 0.6036866 0.6082949 0.6221198
0.6543779 0.6820276 0.6820276 0.7142857 0.7419355
0.6313364 0.5023041 0.5207373 0.4470046 0.4239631
0.5668203 0.6682028 0.6359447 0.562212 0.5483871
0.5483871 0.5852535 0.6543779 0.7096774 0.7235023
0.7603687 0.764977 0.5714286 0.5990783 0.6267281
0.6267281 0.6451613 0.6866359 0.7235023 0.7511521
0.7557604 0.6589862 0.5069124 0.5115207 0.437788
0.437788 0.5806452 0.6728111 0.6497696 0.5852535
0.5483871 0.5207373 0.5668203 0.6359447 0.7004608
0.718894 0.7465438 0.7695853 0.5529954 0.5852535
0.6313364 0.640553 0.6359447 0.6543779 0.6912442
0.7096774 0.7373272 0.7142857 0.5437788 0.4884793
0.4285714 0.4331797 0.5668203 0.6451613 0.640553
0.5990783 0.5576037 0.4976959 0.5529954 0.6129032
0.6728111 0.7096774 0.7419355 0.7741935 0.5391705
0.5576037 0.6313364 0.6589862 0.6451613 0.6359447
0.6359447 0.6543779 0.7050691 0.7235023 0.59447
0.4884793 0.4470046 0.437788 0.562212 0.640553
0.6313364 0.5990783 0.5576037 0.4930876 0.5437788
0.5898618 0.6267281 0.6820276 0.7419355 0.7603687
0.5345622 0.5437788 0.6359447 0.6728111 0.6866359
0.6682028 0.6497696 0.6543779 0.6866359 0.7327189
0.6728111 0.5345622 0.4700461 0.4285714 0.5668203
0.6359447 0.6359447 0.6175115 0.5714286 0.483871
0.5115207 0.5668203 0.6129032 0.6635945 0.7235023
0.7235023 0.5483871 0.5806452 0.640553 0.6728111
0.6728111 0.6635945 0.6589862 0.6589862 0.6728111
0.7235023 0.6774194 0.5576037 0.4976959 0.4516129
0.5714286 0.640553 0.6543779 0.6497696 0.5852535
0.483871 0.4930876 0.5483871 0.59447 0.6820276
0.7235023 0.7096774 0.5898618 0.6175115 0.6451613
0.6635945 0.6543779 0.6497696 0.6497696 0.6497696
0.6589862 0.718894 0.6313364 0.516129 0.4884793
0.483871 0.5668203 0.640553 0.6635945 0.6635945
0.5852535 0.483871 0.4930876 0.5529954 0.59447
0.6682028 0.7096774 0.7281106 0.6129032 0.6313364
0.6543779 0.6682028 0.6635945 0.6589862 0.6589862
0.6912442 0.7050691 0.7142857 0.5806452 0.4884793
0.4423963 0.4516129 0.5852535 0.6451613 0.6543779
0.6451613 0.5760369 0.4746544 0.5115207 0.562212
0.6082949 0.6728111 0.7096774 0.7281106 0.6313364
0.6313364 0.6635945 0.6635945 0.6820276 0.7004608
0.7050691 0.7373272 0.7603687 0.6866359 0.5345622
0.4976959 0.4470046 0.4608295 0.5852535 0.6497696
0.6497696 0.6267281 0.5668203 0.4746544 0.516129
0.5852535 0.6359447 0.6866359 0.7281106 0.7557604
0.6359447 0.6359447 0.6451613 0.6728111 0.6912442
0.6912442 0.7235023 0.7603687 0.764977 0.6451613
0.5437788 0.5253456 0.4608295 0.4746544 0.5852535
0.640553 0.6451613 0.6129032 0.5668203 0.4930876
0.5391705 0.6036866 0.6635945 0.7004608 0.7327189
0.7557604 0.6129032 0.6359447 0.6543779 0.6820276
0.6958525 0.6820276 0.7050691 0.7465438 0.7373272
0.6359447 0.5529954 0.516129 0.4608295 0.4884793
0.5898618 0.6589862 0.6543779 0.5990783 0.5576037
0.516129 0.5576037 0.6175115 0.6866359 0.7142857
0.7419355 0.7557604 0.59447 0.640553 0.6589862
0.6866359 0.6820276 0.6912442 0.6958525 0.7327189
0.7465438 0.6774194 0.5714286 0.5115207 0.4654378
0.4930876 0.5898618 0.6866359 0.6728111 0.5852535
0.5529954 0.5299539 0.5852535 0.6359447 0.7050691
0.7281106 0.7465438 0.7557604 0.640553 0.6728111
0.6958525 0.7096774 0.7004608 0.7327189 0.718894
0.7096774 0.7465438 0.7235023 0.5990783 0.4930876
0.4654378 0.5115207 0.5990783 0.6682028 0.640553
0.5668203 0.5576037 0.5576037 0.6082949 0.6589862
0.7004608 0.7281106 0.7373272 0.7419355 0.7096774
0.7281106 0.7373272 0.7373272 0.7327189 0.7327189
0.7096774 0.6958525 0.7235023 0.7142857 0.6221198
0.4884793 0.4562212 0.5345622 0.6267281 0.6497696
0.5990783 0.5668203 0.5806452 0.59447 0.6313364
0.6728111 0.6958525 0.718894 0.7327189 0.7373272
0.7511521 0.7557604 0.7603687 0.764977 0.7465438
0.7327189 0.7142857 0.6912442 0.7050691 0.7096774
0.6451613 0.5069124 0.4331797 0.5253456 0.6359447
0.6129032 0.5668203 0.5760369 0.5990783 0.6175115
0.6497696 0.6866359 0.6958525 0.7050691 0.7281106
0.7419355 0.764977 0.7603687 0.7603687 0.7695853
0.7511521 0.7281106 0.6958525 0.6682028 0.6866359
0.6912442 0.6589862 0.5299539 0.4331797 0.5207373
0.5990783 0.5760369 0.5668203 0.5990783 0.6313364
0.640553 0.6682028 0.6866359 0.6820276 0.7004608
0.7327189 0.7557604 0.7603687 0.764977 0.7695853
0.7788018 0.7557604 0.7465438 0.7142857 0.6774194
0.6820276 0.6728111 0.6543779 0.5483871 0.4331797
0.5023041 0.5852535 0.6036866 0.5990783 0.6313364
0.6589862 0.6589862 0.6866359 0.6820276 0.6866359
0.7050691 0.7327189 0.7465438 0.7695853 0.7834101
0.7834101 0.7926267 0.7880184 0.764977 0.718894
0.7050691 0.6820276 0.6635945 0.6589862 0.5760369
0.4331797 0.483871 0.5760369 0.6175115 0.6497696
0.6682028 0.6820276 0.7004608 0.7004608 0.6866359
0.6912442 0.7050691 0.7327189 0.7465438 0.797235
0.797235 0.7880184 0.7880184 0.7926267 0.7695853
0.7235023 0.7142857 0.6912442 0.6728111 0.6635945
0.59447 0.4746544 0.4930876 0.59447 0.6682028
0.7004608 0.6866359 0.7004608 0.7096774 0.6958525
0.6820276 0.6866359 0.7004608 0.7281106 0.7465438
0.8064516 0.8064516 0.7880184 0.7834101 0.7926267
0.7741935 0.7373272 0.7050691 0.6912442 0.6912442
0.6728111 0.6313364 0.5714286 0.5852535 0.6359447
0.7050691 0.718894 0.718894 0.6912442 0.6912442
0.6912442 0.6820276 0.6774194 0.6958525 0.718894
0.7235023 0.7926267 0.797235 0.797235 0.7880184
0.7741935 0.764977 0.7419355 0.7142857 0.6682028
0.6866359 0.6774194 0.6635945 0.6497696 0.6589862
0.6682028 0.6912442 0.718894 0.718894 0.6912442
0.6958525 0.6866359 0.6820276 0.6635945 0.6820276
0.7096774 0.7050691 0.7926267 0.7880184 0.7926267
0.7834101 0.7788018 0.764977 0.7511521 0.7419355
0.6912442 0.6820276 0.6774194 0.6728111 0.6682028
0.6774194 0.6728111 0.6866359 0.7096774 0.7235023
0.7096774 0.6866359 0.6682028 0.6635945 0.6543779
0.6635945 0.6682028 0.6635945 0.8018433 0.797235
0.7788018 0.7788018 0.7834101 0.7788018 0.7788018
0.764977 0.7419355 0.7004608 0.6866359 0.6912442
0.6774194 0.6820276 0.6728111 0.6774194 0.7004608
0.7050691 0.6958525 0.6635945 0.6451613 0.6359447
0.6543779 0.6451613 0.6313364 0.6451613 0.8064516
0.8110599 0.797235 0.7926267 0.7834101 0.7788018
0.7788018 0.7695853 0.7557604 0.7281106 0.7096774
0.6912442 0.6958525 0.6866359 0.6866359 0.6820276
0.6774194 0.6866359 0.6682028 0.6359447 0.6451613
0.6497696 0.6451613 0.6451613 0.6267281 0.6036866
0.8110599 0.8064516 0.797235 0.797235 0.7788018
0.764977 0.7695853 0.764977 0.7603687 0.7419355
0.7281106 0.7004608 0.7096774 0.7050691 0.7050691
0.6820276 0.6774194 0.6774194 0.6635945 0.6543779
0.6497696 0.6497696 0.6313364 0.6221198 0.6036866
0.59447 0.7788018 0.797235 0.7880184 0.7834101
0.7788018 0.7695853 0.764977 0.7557604 0.7465438
0.7465438 0.7327189 0.7281106 0.7142857 0.7096774
0.7142857 0.6912442 0.6728111 0.6728111 0.6774194
0.6728111 0.6635945 0.6451613 0.6267281 0.6129032
0.59447 0.562212 0.7788018 0.7834101 0.7788018
0.7788018 0.7880184 0.7788018 0.7511521 0.7419355
0.7373272 0.7327189 0.718894 0.7096774 0.7050691
0.7050691 0.6958525 0.6728111 0.6635945 0.6589862
0.6635945 0.6635945 0.6728111 0.6497696 0.6221198
0.6175115 0.5576037 0.516129 0.7834101 0.7695853
0.7834101 0.7741935 0.7788018 0.7741935 0.7465438
0.7465438 0.7465438 0.7373272 0.7096774 0.6866359
0.6728111 0.6866359 0.6774194 0.6635945 0.6589862
0.6543779 0.6543779 0.6635945 0.6635945 0.6359447
0.6036866 0.5852535 0.5345622 0.5023041 0.7695853
0.7603687 0.7695853 0.7603687 0.7511521 0.7603687
0.7465438 0.7373272 0.7281106 0.7142857 0.7004608
0.6774194 0.6682028 0.6682028 0.6728111 0.6635945
0.6682028 0.6635945 0.6497696 0.6589862 0.6543779
0.6175115 0.59447 0.5760369 0.516129 0.59447
0.7603687 0.7603687 0.7557604 0.7465438 0.7235023
0.7327189 0.7281106 0.7235023 0.7235023 0.7050691
0.6866359 0.6820276 0.6774194 0.6774194 0.6958525
0.7004608 0.6912442 0.6866359 0.6774194 0.6635945
0.6313364 0.5990783 0.5668203 0.516129 0.5115207
0.6359447
