0.00568352 0.008522872 0.01511501 0.009994507 0.007744337
-0.003111021 0.005861354 0.02341151 0.01918423 0.009932662
0.0192493 0.02168333 0.02658056 0.01742556 0.0008867893
-0.01706338 -0.03271099 -0.05231481 -0.04579592 0.005140833
0.03154107 0.04190197 0.0727204 0.09659508 0.1091471
0.1082436 0.01522602 0.008047822 -0.003483981 -0.001430022
-0.002608452 -0.004013965 0.006064116 0.023425 0.008700736
0.01588623 0.02956752 0.01601488 0.03137055 0.02686314
0.01560619 0.008989327 -0.005721276 -0.02153209 -0.07413446
-0.08386699 -0.02601497 0.02472223 0.04327615 0.06477297
0.09239886 0.1032722 0.00981957 0.002248214 0.0003330926
0.002177736 -0.001535583 -0.002523859 0.004362478 0.0112373
0.01639168 0.0271156 0.02391607 0.01680019 0.02611446
0.02343615 0.009901066 0.007497179 -0.006565758 -0.001436366
-0.0455869 -0.09125122 -0.09776767 -0.008531285 0.05591099
0.06432255 0.07652865 0.06535675 0.00473023 0.001568226
0.004551862 0.01139946 0.006578295 0.001446949 0.005011105
0.0093385 0.008485521 0.02565718 0.02393157 0.02146601
0.02385897 0.01293991 0.02125685 0.008817547 -0.006658263
-0.007586274 -0.01611606 -0.03734915 -0.05508951 -0.1037499
0.009191868 0.08535552 0.09211652 0.09773105 0.003724834
0.008547573 -0.004420881 0.002861531 -0.0024244 0.009595703
0.01823487 0.01707329 0.0131082 0.02451337 0.02447426
0.01985268 0.01647532 0.00516176 0.01638656 0.006806311
-0.006896664 -0.001510217 0.01267006 -0.001161405 -0.02289103
-0.08081475 -0.1092863 0.0302263 0.08991389 0.1070018
0.007176784 -0.0008783244 -0.009701555 -0.000197443 0.001909465
0.01345265 0.02220015 0.02158708 0.01900502 0.02324269
0.03483567 0.02968964 0.02137134 0.003843277 -0.0007588148
0.003523922 0.002820663 -0.007370257 -0.001201013 0.008347832
0.001283481 -0.03583394 -0.107163 -0.101795 0.0461597
0.08258612 -0.0002281257 -0.01042017 -0.0074019 0.0001894687
-0.002952867 0.008416924 0.009097711 0.02018018 0.02899208
0.03395088 0.03456554 0.02543597 0.01380511 0.03136805
0.01441068 0.001409362 0.008898803 0.0009949055 -0.004102119
-0.00145525 -0.005581948 -0.005835167 -0.03537766 -0.1109748
-0.05051073 0.0493787 -0.007538888 -0.01430883 0.001618097
-0.003555645 -0.004752504 0.008429636 0.01281945 0.02393018
0.04339758 0.04460584 0.02987361 0.02694611 0.008649065
0.01949593 -0.001613978 0.0004532932 -0.01036655 -0.005529901
0.008403648 0.006560218 0.01221189 0.01201985 -0.008306073
-0.06345553 -0.1184018 -0.0273708 0.0008738453 -0.0008279824
0.009655711 0.0115255 0.01713994 0.02121911 0.02039898
0.04258299 0.05437751 0.05790385 0.05280262 0.03747359
0.02622103 0.01566277 -0.02124477 -0.02678244 -0.03480694
-0.01524038 0.01147477 0.008173612 0.008613662 0.02803692
0.009203033 -0.01314892 -0.08595194 -0.1245861 0.02192643
0.01202557 0.01610921 0.03216711 0.02378937 0.0213734
0.02269881 0.05677277 0.06657811 0.08372753 0.09169658
0.06576556 0.06814696 0.03048981 0.001527913 -0.01771502
-0.03822307 -0.01923855 -0.005742154 0.009799737 -0.003030341
0.000114187 0.01646778 -0.02020049 -0.06866018 -0.1539862
0.02901329 0.01827181 0.0184738 0.03029226 0.02292564
0.0274395 0.04710855 0.07353144 0.08972322 0.0953813
0.09795876 0.09512791 0.081093 0.04920274 0.04028391
0.02100758 -0.007906049 -0.02741361 -0.01520709 0.002732625
-0.004803832 0.01144938 0.01996652 0.003388938 -0.02866513
-0.1154548 0.03627139 0.01988091 0.02099426 0.02867893
0.03084588 0.03211804 0.06314007 0.09800367 0.1096144
0.108444 0.1025101 0.1069715 0.07309863 0.0626492
0.07834743 0.04045727 0.006484856 -0.02617067 -0.02881718
-0.01086418 -0.02457086 -0.01288971 0.004614331 0.005856573
-0.01545883 -0.06784428 0.03589717 0.0171784 0.01540917
0.02284588 0.03753992 0.05077552 0.07481336 0.1113901
0.1044832 0.09227805 0.07360744 0.07525846 0.08843829
0.07184072 0.08165338 0.04169442 -0.004711701 -0.02029258
-0.02326071 -0.0270478 -0.01684957 -0.008612596 -0.00161977
-0.0009712047 -0.03441955 -0.06484714 0.04322587 0.02556669
0.02521598 0.02826999 0.04719667 0.074501 0.1061372
0.1007357 0.08892991 0.04704888 0.04257144 0.05190063
0.08089651 0.09506056 0.06834318 0.009787037 -0.02258982
-0.03750095 -0.04473705 -0.03980529 -0.02517225 -0.007194223
-0.02229079 -0.01457632 -0.02888344 -0.06701412 0.05251367
0.04236242 0.03779482 0.04164483 0.05652959 0.08630248
0.1101012 0.09915537 0.07609668 0.04084847 0.0144304
0.02592907 0.07093054 0.1286056 0.04875973 -0.03993472
-0.03327929 -0.03670364 -0.03959915 -0.03911718 -0.03254177
-0.02388396 -0.02334885 -0.01434599 -0.004439387 -0.0137561
0.0504532 0.04037184 0.04698607 0.05728845 0.08702876
0.1152568 0.1182607 0.09164251 0.04675895 0.01640986
0.003833109 0.01687079 0.07493593 0.1206317 0.03919302
-0.03871528 -0.01906332 -0.01228614 -0.0235506 -0.03360886
-0.03843571 -0.0178781 -0.01756186 -0.01614894 -0.003214873
-0.01757793 0.05092107 0.04015534 0.04626236 0.07251608
0.1186206 0.1354013 0.1232707 0.08094056 0.03557558
0.007498789 -0.00574478 0.01752271 0.07252737 0.09382052
0.02791276 -0.01566455 -0.0002567963 0.001476894 -0.02588863
-0.03408962 -0.02025479 -0.02177908 -0.02580194 -0.02726642
-0.005021005 0.0007082082 0.06206467 0.05488386 0.06356645
0.1016626 0.1519534 0.1518199 0.1268809 0.06949209
0.01722286 -0.003431471 -0.02695206 0.01833071 0.05083533
0.02154301 -0.02819881 -0.008513304 0.01253404 0.003019992
-0.02010593 -0.0232361 -0.02239529 -0.007284936 -0.009253277
-0.002446105 0.00778003 -0.000183889 0.08798041 0.0891584
0.1093225 0.1434127 0.1659039 0.1639985 0.1317588
0.05712516 0.01255017 -0.02327575 -0.03090495 0.006110765
0.01995494 -0.08615261 -0.0970452 -0.03828951 0.01383225
0.008740592 -0.003853389 -0.00285009 -0.01483562 -0.00195925
-0.007171627 0.0005586172 -0.001180442 0.01211095 0.116915
0.1077923 0.138859 0.186564 0.188446 0.1711981
0.141232 0.05816263 -0.01899963 -0.04688645 0.001780636
0.03372112 -0.00125783 -0.1687991 -0.107169 -0.06376815
-0.02926163 -0.003529156 -0.003424446 -0.007066499 -0.002685531
-0.007318901 -0.01442531 -0.01119455 -0.02070374 -0.0022505
0.153069 0.1343058 0.1548253 0.1821443 0.1741598
0.1572604 0.09617192 0.02396189 -0.03550208 -0.03684315
0.04828264 0.03213486 -0.02981283 -0.1838672 -0.1146496
-0.0847157 -0.05959082 -0.031879 -0.008381647 -0.007132273
-0.02231508 -0.02167824 -0.01221199 -0.01827455 -0.02066384
0.003134168 0.1310095 0.1226972 0.1452156 0.1570412
0.1554274 0.1133046 0.03976378 -0.01469875 -0.03693779
5.171023e-05 0.07507351 0.01316233 -0.03985905 -0.1828982
-0.1659978 -0.112429 -0.0746014 -0.05224071 -0.01829171
-0.01630971 -0.03097772 -0.02861011 -0.007326344 -0.003362068
0.01111955 0.01645077 0.07469728 0.09951149 0.1267069
0.1246765 0.1248972 0.07643906 -0.004352454 -0.03054786
-0.05619254 0.01012813 0.05450776 -0.026163 -0.04435311
-0.1676795 -0.1477246 -0.130332 -0.08955866 -0.07231534
-0.03499153 -0.01633453 -0.02662454 -0.01845609 -0.0008895846
0.02997359 0.06360425 0.04157723 -0.03309739 0.03366725
0.06989106 0.0784239 0.07769501 0.02808196 -0.02176972
-0.02380703 -0.03960898 0.0112294 0.01311086 -0.05104953
-0.03870825 -0.1754497 -0.1335502 -0.1339567 -0.1132546
-0.08882332 -0.04769282 -0.01944282 -0.02150612 0.007796524
0.02324153 0.04972312 0.08257591 0.07188475 -0.08814029
-0.04658291 0.03268145 0.04195763 0.03686165 0.008764564
-0.003165223 -0.00934744 -0.009575915 0.00980488 -0.03932978
-0.05232824 -0.02755109 -0.1695383 -0.1210948 -0.08799804
-0.09850098 -0.09212623 -0.05109468 -0.01827654 -0.02059788
0.02154956 0.04273984 0.06510537 0.1007903 0.09269927
-0.07430465 -0.05494178 -0.03349129 -0.0001337938 0.01031574
-0.001615943 -0.01722938 -0.003760504 0.001772023 -0.0437399
-0.1017576 -0.04703976 -0.0481109 -0.1710869 -0.1099966
-0.05090168 -0.06617918 -0.06886563 -0.03312946 -0.006620851
-0.01672548 0.03193166 0.06155774 0.07747052 0.1036468
0.0933267 -0.02415221 -0.03973632 -0.04668907 -0.03560319
-0.003264176 0.02423374 0.006706516 0.02154375 0.02105518
-0.09064834 -0.1466635 -0.05371249 -0.04384697 -0.1712846
-0.101911 -0.02294175 -0.02356262 -0.04825344 -0.02646223
-0.01820104 -0.008099021 0.03930906 0.07678532 0.08439455
0.1121263 0.09348584 -0.06095246 -0.04806026 -0.02859509
-0.01503337 0.03396722 0.07163983 0.08152166 0.0875229
0.06376323 -0.0636389 -0.1507682 -0.07633635 -0.04865374
-0.1577413 -0.0849699 -0.01835197 -0.01070205 -0.03000194
-0.03196241 -0.0419933 -0.006719337 0.03702228 0.08054512
0.08887334 0.1040271 0.09912172 -0.07938563 -0.06188515
-0.02398679 -0.001208487 0.02475063 0.03938176 0.04926359
0.04604824 0.04533005 -0.008339363 -0.1139018 -0.09937782
-0.05787033 -0.1623496 -0.09879478 -0.04600174 -0.01991864
-0.01617706 -0.02274582 -0.06503477 -0.02054422 0.0139808
0.05289535 0.07965675 0.09941876 0.10373 -0.08406004
-0.08581927 -0.02364759 0.001263171 -0.01248077 -0.02184921
-0.03937643 -0.03836409 -0.01581117 0.001517557 -0.05449758
-0.08597055 -0.04384697 -0.1574597 -0.1065193 -0.05059152
-0.02817092 -0.01138708 -0.01724564 -0.07350058 -0.04957368
-0.02520707 -0.006163993 0.0429199 0.09369309 0.08887754
-0.1065627 -0.1102413 -0.01966641 0.02290768 0.02414063
0.002992352 -0.04487915 -0.06366834 -0.04891922 0.02538453
0.03649121 -0.02860658 -0.01124454 -0.1618704 -0.10078
-0.05550998 -0.02470453 -0.004349499 -0.02391287 -0.103395
-0.09967479 -0.06023424 -0.03060816 0.01756268 0.06678041
0.04724375 -0.08814029 -0.06501609 0.009639977 0.03734933
0.03225336 0.004156269 -0.03081499 -0.06003868 -0.06487545
0.03284635 0.05283612 -0.006245292 0.01392356 -0.1418885
-0.09344507 -0.05573998 -0.01555167 0.004647968 -0.04187809
-0.1334839 -0.1404136 -0.1028744 -0.06325094 0.01902242
0.05470737 0.03279143 -0.03309739 0.001409183 0.02841641
0.06459902 0.05465354 0.00964878 -0.02637801 -0.06067339
-0.08108364 0.02966258 0.008502565 -0.04644123 0.002766401
-0.1155418 -0.1059004 -0.06483225 -0.01187207 0.007950869
-0.0615177 -0.1530834 -0.1643633 -0.1212357 -0.08735754
-0.01479301 0.02727637 0.03962668 0.01018115 0.01656218
0.04836591 0.08320186 0.08342253 0.04878929 0.01408073
-0.002898087 -0.02854277 0.01934472 -0.04226644 -0.07224595
-0.03974482 -0.1492463 -0.09703335 -0.06120761 -0.02043424
-0.0170158 -0.07646619 -0.1822331 -0.1694817 -0.1336635
-0.09766378 -0.02532595 0.0175213 0.02314405 0.02962705
0.01209812 0.05765801 0.07870016 0.09551956 0.09026311
0.07663014 0.05903397 0.03679493 -0.01838147 -0.09082511
-0.06057038 -0.03525075 -0.132207 -0.08304853 -0.04330459
-0.02851845 -0.04763242 -0.101241 -0.2006415 -0.1830515
-0.1253843 -0.08105906 -0.03101184 0.02494443 0.04410054
0.02864499 0.005273544 0.025793 0.08076176 0.09581877
0.0973526 0.1053885 0.09308631 0.05666382 -0.07370951
-0.0991828 -0.03238127 -0.02059624 -0.1055262 -0.05935009
-0.03863275 -0.03194105 -0.06874536 -0.1143724 -0.1960724
-0.1697805 -0.1184524 -0.06290324 -0.02749114 0.02081081
0.04921712 -0.03515875 -0.03045658 0.00521845 0.07135665
0.09628008 0.08364051 0.09975735 0.09502899 0.0409082
-0.08375281 -0.1134267 -0.05844478 -0.01969101 -0.06741658
-0.04265285 -0.01307691 -0.02465333 -0.09108676 -0.1324567
-0.1821817 -0.1547593 -0.1040931 -0.04207508 -0.02041114
0.02077091 0.03922415 -0.09174309 -0.05830704 -0.02431802
0.03742195 0.05991307 0.0856575 0.09489241 0.09859981
0.0770663 -0.02788404 -0.1138543 -0.08605513 -0.0353446
-0.04006966 -0.03252907 0.01701003 -0.009209223 -0.1110751
-0.1467105 -0.1779653 -0.130043 -0.08490856 -0.02099651
-0.004049678 0.02186103 0.03976072 -0.07618418 -0.05110692
-0.01938285 0.02332162 0.05517919 0.1103452 0.1038395
0.08331698 0.08173899 0.02882659 -0.09146818 -0.133743
-0.06898033 -0.006106756 -0.01437392 -0.003905009 -0.05198209
-0.1398372 -0.1537465 -0.1568767 -0.1099529 -0.05797618
-0.01846987 0.006770485 0.01699662 0.03207418 -0.02281164
-0.0105359 0.004787708 0.02643313 0.05871277 0.08931833
0.09101264 0.06711567 0.07705023 0.03514856 -0.06565261
-0.1575925 -0.1025878 0.01087121 0.009479582 -0.02948943
-0.09703099 -0.1459885 -0.1364877 -0.1262555 -0.08477092
-0.03560397 -0.01197706 0.004991645 0.02262876 0.04218286
0.00897855 0.008113777 0.014728 0.03424697 0.0501624
0.0737822 0.0860026 0.06860104 0.06519213 0.04866793
-0.02381666 -0.1398112 -0.1416539 0.0008160658 0.02075984
-0.06636505 -0.1342707 -0.1413184 -0.1249331 -0.1027333
-0.06608548 -0.02248639 -0.008345269 0.006892535 0.02904319
0.0469382 0.0202556 0.01010436 0.01014505 0.02781995
0.02887982 0.04021953 0.04558506 0.04385583 0.05766351
0.04545676 0.0006055123 -0.1123198 -0.1594842 -0.01425155
-0.001931512 -0.09984256 -0.1392701 -0.1242612 -0.09489869
-0.07598354 -0.04175836 -0.01927567 -0.01413226 0.01330378
0.04625186 0.07380151 0.01096781 0.0117418 0.01599939
0.02826999 0.0241552 0.04224294 0.05544593 0.0454362
0.05667184 0.033224 0.005705085 -0.08634821 -0.177168
-0.08466295 -0.01921442 -0.06394568 -0.1055391 -0.08819219
-0.06317023 -0.05363017 -0.01134737 -0.007194223 0.0007506833
0.02229004 0.05867416 0.06662643 0.01746399 0.02639499
0.02462576 0.03667077 0.04214821 0.04155893 0.02873041
0.06530718 0.05379194 0.03237022 0.0229162 -0.04916551
-0.1880594 -0.1401409 -0.04737887 -0.05047148 -0.04618635
-0.04333406 -0.027869 0.0006019688 0.0108002 0.005212289
0.01681341 0.03589515 0.06696294 0.0826183 0.04548798
0.04292238 0.03021085 0.02867893 0.04006247 0.03211804
0.01244883 0.04731242 0.05431481 0.04853616 0.03799396
-0.02666906 -0.1619244 -0.158549 -0.05068483 -0.001017383
0.006484856 -0.02156238 -0.001167411 0.02139389 0.0122955
0.01015176 0.01843922 0.04272293 0.07209877 0.08883775
0.05205477 0.05052988 0.03229869 0.02568396 0.03675052
0.0274395 0.01485048 0.009015313 0.02059879 0.04929835
0.03805093 -0.006254579 -0.07098073 -0.08443781 -0.0380571
0.01639928 0.02435202 0.01866934 -0.005990499 0.01194922
0.01823764 0.02066597 0.01535823 0.04486359 0.07732565
0.08731015 0.03575132 0.03967534 0.03915069 0.03677541
0.01918107 0.01215681 0.004265632 0.001473233 -0.02558779
0.0192114 0.02257216 0.005857727 -0.005585756 -0.02480973
-0.03073015 -0.01771502 0.007859878 0.01301951 -0.005742154
0.01440803 0.02001113 0.02776396 0.007251186 0.03509905
0.06958867 0.07182028 0.03313191 0.02682179 0.03269719
0.02535039 0.02174823 0.01200252 0.01118239 0.01954151
-0.01474692 -0.01122057 -0.007105216 -0.01321765 -0.01525362
-0.02120359 -0.03967795 -0.02678244 -0.007157173 0.01701768
0.02069136 0.008173612 -0.0006029279 0.004995445 -0.004621851
0.01910914 0.02464714 0.02748764 0.04315236 0.04099071
0.02005128 0.02409412 0.02750556 0.02686282 0.03586093
0.03314677 0.02957269 -0.006085405 -0.01620934 -0.01452854
-0.03282559 -0.03119532 -0.04769693 -0.03641307 -0.01036655
0.008294984 0.01301194 -0.01648126 -0.02465447 -0.0294548
-0.003697778 -0.01276429 -0.01701933 0.009495558 0.05507141
0.05870426 0.04328934 0.04166412 0.03852179 0.03606669
0.04135578 0.03861336 0.03360038 0.0109094 -0.006909118
-0.02525527 -0.01845295 -0.02393149 -0.02706398 -0.02624041
-0.02335926 -0.008221684 -0.017927 -0.0429299 -0.02401513
-0.01505176 -0.01694448 -0.01420065 -0.02746926 -0.03817891
0.06247632 0.05902951 0.05020628 0.0551021 0.03877582
0.02727753 0.03602504 0.03541197 0.03282991 0.0186344
0.007185904 -0.01639331 -0.00167013 -0.005373313 -0.0007588148
-0.01490926 -0.02022081 -0.01658685 -0.02424249 -0.02851853
-0.02636629 -0.02200905 -0.0380386 -0.04188721 -0.0506145
-0.04644614 0.0359829 0.05923882 0.05087866 0.04894448
0.04365855 0.03724547 0.03666805 0.03089818 0.02693309
0.02912167 0.01525767 0.01524439 0.007258732 0.00516176
0.01638656 -0.007018574 -0.02532984 -0.0199434 -0.01037141
-0.01037799 -0.01367444 -0.03012351 -0.04477018 -0.04811471
-0.05294325 -0.07272172 0.04620488 0.05225947 0.05063481
0.05287412 0.06187783 0.05674649 0.02805258 0.02316338
0.02231041 0.02104888 0.005498389 -0.001575464 0.0008174995
-0.0008849781 -0.006392919 -0.02344052 -0.02509144 -0.03062775
-0.02533265 -0.01430768 0.0002100266 -0.02080059 -0.04149938
-0.03446015 -0.08299869 -0.1188588 0.05590252 0.04833116
0.06484922 0.05286898 0.05837225 0.05738397 0.03201225
0.03427878 0.03482486 0.03172389 0.00548289 -0.01545787
-0.02457678 -0.01343021 -0.0177487 -0.02936918 -0.02960723
-0.02908614 -0.02715372 -0.0129102 -0.005601767 -0.02235617
-0.05007979 -0.05549312 -0.09397826 -0.1235833 0.05209238
0.04491418 0.05642385 0.04465293 0.03425791 0.04667728
0.03371389 0.02803329 0.02252562 0.01127794 0.001917753
-0.02085148 -0.02853729 -0.0284364 -0.02126017 -0.02787703
-0.01493787 -0.0123155 -0.02344322 -0.01474257 -0.01219009
-0.0397939 -0.05349804 -0.04121781 -0.06889147 0.02032291
0.04715817 0.04999753 0.04737308 0.03764428 0.01235263
0.01993045 0.01968624 0.01880322 0.01918423 0.005324367
-0.008400469 -0.01057473 -0.0148941 -0.01483251 0.01010338
0.01519469 0.01798025 0.01220132 0.009503619 -0.004075756
-0.02836676 -0.05026393 -0.05170356 -0.06930353 -0.06135983
0.07137728
