3.984077 3.965456 3.952446 3.955805 3.970562
3.981309 3.952689 3.928258 3.925759 3.895766
3.864888 3.848925 3.84703 3.846626 3.80398
3.800813 3.7221 3.729777 3.687025 3.685415
3.633165 3.565217 3.363103 3.146084 3.063765
3.009246 4.012162 3.998794 3.983755 4.000507
4.008236 3.987231 3.981581 3.958391 3.934068
3.917166 3.887885 3.8861 3.876061 3.875399
3.858558 3.841509 3.786873 3.739453 3.721764
3.725148 3.678186 3.617441 3.556204 3.35478
3.143382 3.072072 4.077841 4.036829 4.019166
4.037291 4.031422 4.007681 3.992741 3.977877
3.974295 3.934188 3.924949 3.911172 3.880309
3.897874 3.865751 3.851294 3.822634 3.788994
3.776321 3.743353 3.695423 3.623969 3.594231
3.508844 3.428794 3.411395 4.111218 4.101733
4.082165 4.067479 4.068876 4.042084 4.048931
4.020551 3.995923 3.973974 3.985291 3.971239
3.925323 3.936488 3.912166 3.872857 3.82324
3.829326 3.824822 3.752518 3.717752 3.704434
3.658848 3.582461 3.507899 3.471077 4.178255
4.146627 4.14101 4.123473 4.127917 4.109531
4.083096 4.060491 4.026051 4.011698 4.011954
3.981819 3.943525 3.927055 3.883662 3.886047
3.885248 3.849922 3.81737 3.787191 3.748365
3.735353 3.71052 3.641788 3.552566 3.470722
4.216061 4.208444 4.205864 4.173756 4.159939
4.144681 4.117535 4.091333 4.078045 4.050253
4.034669 4.007973 3.97186 3.965924 3.935661
3.877352 3.881964 3.858132 3.817673 3.785271
3.740934 3.712359 3.696595 3.661391 3.597738
3.509957 4.234402 4.240799 4.251227 4.231663
4.191827 4.177706 4.143019 4.10056 4.04277
4.010249 4.006218 4.005647 3.991258 3.966744
3.987287 3.951664 3.902547 3.863716 3.806476
3.758896 3.695293 3.666732 3.648922 3.630928
3.597057 3.516183 4.282347 4.266302 4.282738
4.256224 4.264074 4.238067 4.179055 4.106189
3.978518 3.940372 3.9161 3.935299 3.964629
3.984159 4.031936 3.988156 3.968448 3.876284
3.784905 3.766773 3.699486 3.670523 3.622492
3.621508 3.558747 3.475523 4.287619 4.29878
4.29047 4.278208 4.271609 4.244857 4.159569
4.044304 3.936731 3.853161 3.795949 3.805814
3.788944 3.888409 3.979346 3.985441 4.007845
3.939968 3.825209 3.756192 3.692862 3.625924
3.628552 3.533364 3.527267 3.478416 4.270441
4.274928 4.278369 4.233502 4.258223 4.243845
4.144487 3.981467 3.856717 3.683804 3.601319
3.620269 3.604652 3.791171 3.890442 3.956197
3.969804 3.935966 3.877676 3.77575 3.678559
3.597492 3.611131 3.549387 3.50453 3.459673
4.254186 4.264186 4.262861 4.27602 4.263888
4.204063 4.044847 3.87156 3.704927 3.51671
3.469584 3.488149 3.519749 3.698669 3.726939
3.823135 3.861646 3.898914 3.879305 3.761653
3.720412 3.644042 3.648629 3.576016 3.514234
3.478976 4.236808 4.253633 4.276554 4.286601
4.242167 4.143158 3.969931 3.680844 3.483811
3.40082 3.409513 3.380255 3.481511 3.580263
3.537755 3.69558 3.857933 3.951206 3.908119
3.820601 3.789604 3.712997 3.688868 3.620277
3.608957 3.620068 4.239262 4.271357 4.28296
4.264411 4.198266 4.05102 3.832931 3.502387
3.426796 3.446395 3.478174 3.406902 3.380911
3.399094 3.395185 3.687466 3.870918 3.973101
3.962344 3.896515 3.829633 3.775613 3.729752
3.695277 3.672861 3.660856 4.221421 4.246567
4.248867 4.228838 4.104713 3.925646 3.627503
3.451372 3.407909 3.50124 3.560826 3.469421
3.309483 3.156148 3.270921 3.685166 3.927722
4.025513 4.042746 3.980181 3.884214 3.826755
3.804873 3.784502 3.72722 3.765734 4.190732
4.227084 4.226817 4.171345 4.043506 3.818027
3.571284 3.401292 3.431627 3.541904 3.624492
3.51886 3.193509 2.815264 3.248243 3.739253
3.937382 4.050506 4.069495 4.00589 3.962767
3.93621 3.872256 3.813214 3.808688 3.779123
4.174023 4.209916 4.196761 4.098974 3.873709
3.628139 3.427106 3.390119 3.503141 3.641733
3.693991 3.548043 3.076574 2.74667 3.341206
3.761477 3.904595 4.01126 4.054912 4.03021
4.001421 3.957266 3.92497 3.885482 3.891324
3.864631 4.11051 4.150892 4.110841 3.968886
3.726967 3.52625 3.364028 3.430082 3.546262
3.760618 3.817249 3.543768 2.971482 2.74117
3.354739 3.761417 3.871924 3.981443 4.009801
4.033363 4.003075 3.952628 3.948788 3.988615
3.963613 3.865596 4.007206 4.054299 3.997357
3.807959 3.538586 3.388351 3.340351 3.414497
3.666623 3.862522 3.835442 3.41758 2.811521
2.701405 3.329843 3.714517 3.848484 3.941101
3.971877 3.992405 4.017113 4.008683 4.021592
4.037393 4.030772 3.962113 3.807023 3.889964
3.787946 3.564375 3.386652 3.278259 3.247917
3.46538 3.697267 3.932221 3.800922 3.225722
2.590931 2.803252 3.388464 3.698241 3.779526
3.873362 3.895512 3.949376 3.997757 4.0342
4.068384 4.108354 4.059315 4.002369 3.55682
3.677093 3.564018 3.311603 3.238816 3.231043
3.276456 3.579464 3.873955 4.02662 3.67723
3.07487 2.45805 2.952376 3.454857 3.714224
3.759923 3.832941 3.832254 3.886362 3.978519
4.039128 4.085733 4.124989 4.036242 4.005888
3.289493 3.442768 3.368641 3.189478 3.211619
3.20156 3.360414 3.682871 3.951959 4.021199
3.523371 2.964385 2.463986 3.11164 3.534139
3.760936 3.747273 3.777088 3.774098 3.826349
3.956143 4.042633 4.071218 4.080755 3.975536
3.940352 3.25283 3.367789 3.280553 3.142554
3.153137 3.308499 3.428129 3.755083 4.052042
3.930345 3.408115 2.967922 2.469427 3.195952
3.689558 3.852019 3.755049 3.729291 3.68798
3.735426 3.892066 3.967205 4.008954 4.013178
3.918205 3.973908 3.259472 3.338513 3.281048
3.143253 3.111584 3.308493 3.536119 3.859024
4.117874 3.864262 3.391879 2.984048 2.468678
3.247255 3.781274 3.939209 3.732253 3.64939
3.585946 3.6147 3.77285 3.870391 3.936519
3.885222 3.845998 3.930012 3.392191 3.347223
3.351436 3.235032 3.239812 3.50474 3.741011
3.965927 4.160226 3.826818 3.391369 2.996148
2.492102 3.237769 3.718537 3.932758 3.736545
3.606542 3.548355 3.483974 3.618394 3.728443
3.778262 3.785923 3.782023 3.821915 3.481174
3.541076 3.444354 3.474185 3.507606 3.631428
3.830554 4.022209 4.144596 3.83616 3.402842
3.004534 2.479375 3.199001 3.667075 3.873129
3.700232 3.537537 3.419554 3.355437 3.461327
3.577803 3.620166 3.654821 3.692791 3.745854
3.511326 3.595895 3.606329 3.568897 3.651477
3.669283 3.862346 4.015791 4.130618 3.94554
3.479813 3.000074 2.4631 3.178935 3.684956
3.841398 3.63937 3.384989 3.211068 3.158108
3.315043 3.419049 3.526977 3.543506 3.613614
3.741739 3.393971 3.526397 3.602216 3.620179
3.619648 3.620644 3.735591 3.849841 4.034377
4.041621 3.56276 3.074057 2.525803 3.210454
3.692374 3.839364 3.631881 3.310254 3.076677
3.022498 3.198024 3.340444 3.457333 3.498097
3.558003 3.710473 3.453981 3.550765 3.604441
3.5155 3.315033 3.339968 3.516938 3.658913
3.844956 4.04582 3.619901 3.161984 2.496882
3.2123 3.671937 3.839486 3.638205 3.341668
3.112748 2.9972 3.068088 3.234553 3.372231
3.438502 3.520453 3.703734 3.453981 3.550765
3.604441 3.5155 3.315033 3.339968 3.516938
3.658913 3.844956 4.04582 3.619901 3.161984
2.496882 3.2123 3.671937 3.839486 3.638205
3.341668 3.112748 2.9972 3.068088 3.234553
3.372231 3.438502 3.520453 3.703734 3.393971
3.526397 3.602216 3.620179 3.619648 3.620644
3.735591 3.849841 4.034377 4.041621 3.56276
3.074057 2.525803 3.210454 3.692374 3.839364
3.631881 3.310254 3.076677 3.022498 3.198024
3.340444 3.457333 3.498097 3.558003 3.710473
3.511326 3.595895 3.606329 3.568897 3.651477
3.669283 3.862346 4.015791 4.130618 3.94554
3.479813 3.000074 2.4631 3.178935 3.684956
3.841398 3.63937 3.384989 3.211068 3.158108
3.315043 3.419049 3.526977 3.543506 3.613614
3.741739 3.481174 3.541076 3.444354 3.474185
3.507606 3.631428 3.830554 4.022209 4.144596
3.83616 3.402842 3.004534 2.479375 3.199001
3.667075 3.873129 3.700232 3.537537 3.419554
3.355437 3.461327 3.577803 3.620166 3.654821
3.692791 3.745854 3.392191 3.347223 3.351436
3.235032 3.239812 3.50474 3.741011 3.965927
4.160226 3.826818 3.391369 2.996148 2.492102
3.237769 3.718537 3.932758 3.736545 3.606542
3.548355 3.483974 3.618394 3.728443 3.778262
3.785923 3.782023 3.821915 3.259472 3.338513
3.281048 3.143253 3.111584 3.308493 3.536119
3.859024 4.117874 3.864262 3.391879 2.984048
2.468678 3.247255 3.781274 3.939209 3.732253
3.64939 3.585946 3.6147 3.77285 3.870391
3.936519 3.885222 3.845998 3.930012 3.25283
3.367789 3.280553 3.142554 3.153137 3.308499
3.428129 3.755083 4.052042 3.930345 3.408115
2.967922 2.469427 3.195952 3.689558 3.852019
3.755049 3.729291 3.68798 3.735426 3.892066
3.967205 4.008954 4.013178 3.918205 3.973908
3.289493 3.442768 3.368641 3.189478 3.211619
3.20156 3.360414 3.682871 3.951959 4.021199
3.523371 2.964385 2.463986 3.11164 3.534139
3.760936 3.747273 3.777088 3.774098 3.826349
3.956143 4.042633 4.071218 4.080755 3.975536
3.940352 3.55682 3.677093 3.564018 3.311603
3.238816 3.231043 3.276456 3.579464 3.873955
4.02662 3.67723 3.07487 2.45805 2.952376
3.454857 3.714224 3.759923 3.832941 3.832254
3.886362 3.978519 4.039128 4.085733 4.124989
4.036242 4.005888 3.807023 3.889964 3.787946
3.564375 3.386652 3.278259 3.247917 3.46538
3.697267 3.932221 3.800922 3.225722 2.590931
2.803252 3.388464 3.698241 3.779526 3.873362
3.895512 3.949376 3.997757 4.0342 4.068384
4.108354 4.059315 4.002369 4.007206 4.054299
3.997357 3.807959 3.538586 3.388351 3.340351
3.414497 3.666623 3.862522 3.835442 3.41758
2.811521 2.701405 3.329843 3.714517 3.848484
3.941101 3.971877 3.992405 4.017113 4.008683
4.021592 4.037393 4.030772 3.962113 4.11051
4.150892 4.110841 3.968886 3.726967 3.52625
3.364028 3.430082 3.546262 3.760618 3.817249
3.543768 2.971482 2.74117 3.354739 3.761417
3.871924 3.981443 4.009801 4.033363 4.003075
3.952628 3.948788 3.988615 3.963613 3.865596
4.174023 4.209916 4.196761 4.098974 3.873709
3.628139 3.427106 3.390119 3.503141 3.641733
3.693991 3.548043 3.076574 2.74667 3.341206
3.761477 3.904595 4.01126 4.054912 4.03021
4.001421 3.957266 3.92497 3.885482 3.891324
3.864631 4.190732 4.227084 4.226817 4.171345
4.043506 3.818027 3.571284 3.401292 3.431627
3.541904 3.624492 3.51886 3.193509 2.815264
3.248243 3.739253 3.937382 4.050506 4.069495
4.00589 3.962767 3.93621 3.872256 3.813214
3.808688 3.779123 4.221421 4.246567 4.248867
4.228838 4.104713 3.925646 3.627503 3.451372
3.407909 3.50124 3.560826 3.469421 3.309483
3.156148 3.270921 3.685166 3.927722 4.025513
4.042746 3.980181 3.884214 3.826755 3.804873
3.784502 3.72722 3.765734 4.239262 4.271357
4.28296 4.264411 4.198266 4.05102 3.832931
3.502387 3.426796 3.446395 3.478174 3.406902
3.380911 3.399094 3.395185 3.687466 3.870918
3.973101 3.962344 3.896515 3.829633 3.775613
3.729752 3.695277 3.672861 3.660856 4.236808
4.253633 4.276554 4.286601 4.242167 4.143158
3.969931 3.680844 3.483811 3.40082 3.409513
3.380255 3.481511 3.580263 3.537755 3.69558
3.857933 3.951206 3.908119 3.820601 3.789604
3.712997 3.688868 3.620277 3.608957 3.620068
4.254186 4.264186 4.262861 4.27602 4.263888
4.204063 4.044847 3.87156 3.704927 3.51671
3.469584 3.488149 3.519749 3.698669 3.726939
3.823135 3.861646 3.898914 3.879305 3.761653
3.720412 3.644042 3.648629 3.576016 3.514234
3.478976 4.270441 4.274928 4.278369 4.233502
4.258223 4.243845 4.144487 3.981467 3.856717
3.683804 3.601319 3.620269 3.604652 3.791171
3.890442 3.956197 3.969804 3.935966 3.877676
3.77575 3.678559 3.597492 3.611131 3.549387
3.50453 3.459673 4.287619 4.29878 4.29047
4.278208 4.271609 4.244857 4.159569 4.044304
3.936731 3.853161 3.795949 3.805814 3.788944
3.888409 3.979346 3.985441 4.007845 3.939968
3.825209 3.756192 3.692862 3.625924 3.628552
3.533364 3.527267 3.478416 4.282347 4.266302
4.282738 4.256224 4.264074 4.238067 4.179055
4.106189 3.978518 3.940372 3.9161 3.935299
3.964629 3.984159 4.031936 3.988156 3.968448
3.876284 3.784905 3.766773 3.699486 3.670523
3.622492 3.621508 3.558747 3.475523 4.234402
4.240799 4.251227 4.231663 4.191827 4.177706
4.143019 4.10056 4.04277 4.010249 4.006218
4.005647 3.991258 3.966744 3.987287 3.951664
3.902547 3.863716 3.806476 3.758896 3.695293
3.666732 3.648922 3.630928 3.597057 3.516183
4.216061 4.208444 4.205864 4.173756 4.159939
4.144681 4.117535 4.091333 4.078045 4.050253
4.034669 4.007973 3.97186 3.965924 3.935661
3.877352 3.881964 3.858132 3.817673 3.785271
3.740934 3.712359 3.696595 3.661391 3.597738
3.509957 4.178255 4.146627 4.14101 4.123473
4.127917 4.109531 4.083096 4.060491 4.026051
4.011698 4.011954 3.981819 3.943525 3.927055
3.883662 3.886047 3.885248 3.849922 3.81737
3.787191 3.748365 3.735353 3.71052 3.641788
3.552566 3.470722 4.111218 4.101733 4.082165
4.067479 4.068876 4.042084 4.048931 4.020551
3.995923 3.973974 3.985291 3.971239 3.925323
3.936488 3.912166 3.872857 3.82324 3.829326
3.824822 3.752518 3.717752 3.704434 3.658848
3.582461 3.507899 3.471077 4.077841 4.036829
4.019166 4.037291 4.031422 4.007681 3.992741
3.977877 3.974295 3.934188 3.924949 3.911172
3.880309 3.897874 3.865751 3.851294 3.822634
3.788994 3.776321 3.743353 3.695423 3.623969
3.594231 3.508844 3.428794 3.411395 4.012162
3.998794 3.983755 4.000507 4.008236 3.987231
3.981581 3.958391 3.934068 3.917166 3.887885
3.8861 3.876061 3.875399 3.858558 3.841509
3.786873 3.739453 3.721764 3.725148 3.678186
3.617441 3.556204 3.35478 3.143382 3.072072
3.984077 3.965456 3.952446 3.955805 3.970562
3.981309 3.952689 3.928258 3.925759 3.895766
3.864888 3.848925 3.84703 3.846626 3.80398
3.800813 3.7221 3.729777 3.687025 3.685415
3.633165 3.565217 3.363103 3.146084 3.063765
3.009246
