0.829033589934
0.81891749469
0.811849646608
0.813674466109
0.821691394175
0.827529838705
0.81198165945
0.79870920776
0.797351594204
0.781057515225
0.764282648732
0.755610545816
0.754581062948
0.754361584806
0.731193602538
0.729473089481
0.686711250428
0.690881878385
0.667656310268
0.666781657277
0.638396179777
0.601482563983
0.49168156112
0.373783227307
0.329062382859
0.29944424223
0.84429112363
0.837028787492
0.828858659336
0.837959396544
0.842158274163
0.830747040576
0.827677606167
0.815079343521
0.801865564206
0.792683337589
0.776776061671
0.775806337703
0.770352523184
0.769992883258
0.760843795668
0.75158170943
0.721900007062
0.696138488534
0.686528714151
0.688367115221
0.662854411022
0.629853916653
0.596586137022
0.487159985441
0.372315331417
0.333575266335
0.879972076296
0.857691785324
0.848096135772
0.857942772704
0.854754363758
0.841856763349
0.833740418204
0.825665361025
0.823719393936
0.801930755733
0.796911551395
0.789427020802
0.772660303249
0.782202713054
0.764751484465
0.756897535217
0.741327625453
0.723052267307
0.716167498764
0.698257213171
0.672218630652
0.633400335736
0.617244788752
0.570857214257
0.527369032938
0.517916804746
0.898104556344
0.892951709376
0.882321144329
0.874342787916
0.875101725946
0.860546630956
0.86426635085
0.84884855465
0.835469080202
0.823545006601
0.829693110885
0.822059183042
0.797114731655
0.803180260006
0.789967023952
0.768611909406
0.741656842666
0.744963139624
0.7425162843
0.703236216066
0.68434914409
0.677113971088
0.652348796401
0.610850586452
0.57034383098
0.550339810836
0.934523259794
0.917340946255
0.914289439516
0.904762241067
0.907176500627
0.897188072124
0.882826921928
0.870546467977
0.85183649965
0.844039049725
0.844178124983
0.827806902696
0.807003199817
0.798055662699
0.774481863174
0.775777544778
0.775343477859
0.756152178755
0.738467890457
0.72207276461
0.70098004596
0.693911111353
0.680420268046
0.643080734274
0.59460974722
0.550146952568
0.955061850462
0.950923818268
0.949522200431
0.932079120784
0.924572859681
0.916283756988
0.901536346993
0.887301777012
0.880082901892
0.864984544175
0.856518337833
0.842015396066
0.822396549195
0.819171741646
0.80273098173
0.771053875365
0.773559403063
0.760612365746
0.738632499063
0.721029700173
0.696943060634
0.681419328201
0.672855334568
0.653730313517
0.619150011137
0.571461865673
0.965025832143
0.968501083809
0.974166227529
0.963537835533
0.941896421528
0.934225008556
0.915380854335
0.892314462197
0.860919309187
0.843251862033
0.841061969979
0.840751766962
0.832934759579
0.819617217082
0.830777463289
0.811424815155
0.784741379779
0.763645944815
0.732549586305
0.706701145741
0.672148006497
0.656631879743
0.64695637057
0.637180901056
0.61878004922
0.574844219413
0.991072563602
0.982355913143
0.991284979329
0.976880911378
0.981145523787
0.967016890038
0.934957869975
0.895372488089
0.826013592433
0.805290292438
0.792104219522
0.802534320623
0.818468216414
0.829078137478
0.8550336008
0.831249558599
0.82054293677
0.770473670772
0.720830866015
0.710980426244
0.674425907113
0.658691388743
0.632597936688
0.632063366165
0.597967654137
0.552755156921
0.993936644701
1.0
0.995485486736
0.988823999174
0.985239008437
0.970705643956
0.924371852472
0.861752674211
0.803312272848
0.757911806729
0.726830659575
0.73218994638
0.723025104171
0.77706073134
0.826463413972
0.829774600294
0.841945858437
0.805070814297
0.742726526976
0.705232163327
0.670827334807
0.634462414368
0.635890108816
0.58417801633
0.580865743482
0.554326815991
0.984604477571
0.987042097429
0.988911464473
0.964536895688
0.977966893569
0.970155862076
0.916178364019
0.827615674216
0.759843648987
0.665906461024
0.621095434963
0.631390263645
0.622906129633
0.724234950264
0.778165184465
0.813887425098
0.821279601028
0.802896676862
0.771229892488
0.715857295747
0.663057048019
0.619016368506
0.626425928843
0.59288271501
0.568513578852
0.544144442694
0.975773741939
0.981206369212
0.980486546099
0.987635340327
0.981044476919
0.94854378426
0.862047665872
0.767907297648
0.677381799612
0.57513051887
0.549528719584
0.559614392116
0.576781494298
0.673982061465
0.689340098765
0.741599800079
0.76252139097
0.78276770629
0.772114867471
0.70819892108
0.685794222944
0.644305248461
0.646797194591
0.607349258175
0.573785400357
0.554631043119
0.966332922265
0.975473317651
0.987925442623
0.993383603244
0.96924426722
0.915456367854
0.821348595394
0.664298403351
0.557257718405
0.512171801405
0.516894384293
0.500999603418
0.556008214132
0.609656494978
0.586563482966
0.6723039229
0.760504256463
0.811176000826
0.787768439695
0.740223172328
0.723383657571
0.681765929821
0.668657543475
0.631394609747
0.625244875674
0.631281067837
0.967666088997
0.98510210623
0.991405583654
0.981328603326
0.945394490229
0.865401226687
0.746921601756
0.567349366827
0.526283594009
0.536931000201
0.554195346411
0.515475925312
0.501355983767
0.511234129938
0.509110515937
0.667895889131
0.767558522977
0.82307073824
0.817226861082
0.781464419008
0.745129921281
0.715782868753
0.690868296817
0.672139314294
0.659961536999
0.653439667958
0.95797373868
0.97163462322
0.972884127493
0.962003118328
0.894570632303
0.797290205516
0.635320226215
0.539634818795
0.516022990879
0.566726244479
0.599097097347
0.54944016776
0.462551813683
0.379250623394
0.441602516393
0.666646384858
0.798418018938
0.851544224302
0.860906270882
0.826917038349
0.774781744199
0.743566411152
0.731678736154
0.720611931136
0.689492755592
0.71041597627
0.941301548842
0.961050235504
0.960905184356
0.930769314348
0.861319150554
0.738824814068
0.604778538949
0.512428221412
0.528908096244
0.588817480022
0.633684462143
0.576298533734
0.399547462148
0.194061051865
0.429282404264
0.696029835989
0.803665936884
0.865121989645
0.875438005574
0.840883779805
0.817456661216
0.803029232967
0.768285408506
0.736210090562
0.733751283458
0.717689720926
0.932224171932
0.951723501002
0.944576879825
0.891452847512
0.769074769249
0.635665741309
0.526452005454
0.50635834696
0.567758986924
0.643050854824
0.671440678426
0.592152569904
0.336021035133
0.15679648835
0.47978573718
0.70810330684
0.785853981844
0.84380110065
0.867515605222
0.854095929332
0.838455938677
0.814468172953
0.796922959913
0.775470601338
0.77864434219
0.764143030211
0.897719926334
0.919657961787
0.897899746296
0.820780885844
0.689355310122
0.580313245289
0.492184079143
0.528068755331
0.591185018987
0.707636644157
0.738402155667
0.589830121745
0.278928468597
0.15380854335
0.487137711669
0.708070711077
0.768105045281
0.827602635911
0.843008480331
0.855808836712
0.839354495227
0.811948520424
0.809862391551
0.831498916191
0.817916261483
0.764667278743
0.841598713554
0.86718258517
0.836248118953
0.73335524493
0.587014934292
0.505397858458
0.479321247549
0.519602005726
0.656572664106
0.762997289119
0.748285734464
0.521276884714
0.192027619477
0.132205700999
0.47361264281
0.682591689167
0.755370966953
0.805686330967
0.822405784662
0.833557881927
0.846980817393
0.842401112602
0.849414091149
0.857998185502
0.854401242985
0.817101367392
0.732846751017
0.777905504881
0.722482927969
0.601025136766
0.504474855085
0.445588978286
0.429105300614
0.547244843079
0.673220407121
0.800862157948
0.729532305118
0.417047584382
0.0721892944647
0.187535379985
0.505459247147
0.673749545017
0.717908655805
0.768886257083
0.780919526492
0.810181830035
0.836465424044
0.856263547614
0.874834440684
0.896548651894
0.86990759101
0.838970951742
0.596920786862
0.662260624861
0.600831191973
0.463703530664
0.424161066533
0.419938285354
0.444609475588
0.609222428058
0.76920841188
0.852145616141
0.662335051854
0.335095315446
0.0
0.268548890929
0.541528089399
0.682432513188
0.707259076562
0.746927034383
0.746553812889
0.775948672538
0.826014135696
0.858940746334
0.88425950574
0.905585827362
0.857372890103
0.840882693279
0.451691991764
0.534960586289
0.494690150103
0.397357570094
0.409385950139
0.403921270366
0.490220727646
0.665399596899
0.811585077659
0.849200588897
0.578749191897
0.275072933021
0.00322480754918
0.355071085928
0.584599044944
0.707809401705
0.700386803062
0.716584181276
0.714959825721
0.743345846485
0.81385808891
0.860844882193
0.876374047253
0.881555143883
0.824393582981
0.805279427184
0.431774350394
0.49422729026
0.446835222982
0.371865509879
0.377614859322
0.462017243159
0.527007763224
0.704629684962
0.865956441195
0.799842997072
0.516134903
0.276994453288
0.00618070004835
0.400874652991
0.669032394756
0.757291400694
0.704611214029
0.6906178527
0.668175126173
0.693950769532
0.779047443134
0.8198676612
0.842548336801
0.844843078561
0.793247787563
0.823509151261
0.435382701428
0.478322730656
0.447104138032
0.372245250526
0.355040663215
0.462013983583
0.585674705144
0.761096956099
0.901720513057
0.763942566264
0.50731448936
0.285755108028
0.00577379626561
0.428745660689
0.718858279052
0.804658477886
0.692226996898
0.647210617527
0.612743857057
0.628364833517
0.714281833838
0.76727222352
0.80319710115
0.775329353028
0.754020415813
0.799662090584
0.507483987331
0.48305454901
0.485343314881
0.422105360373
0.42470215621
0.568627664025
0.696984891864
0.819173371434
0.924728776083
0.743600636704
0.507037425369
0.292328587028
0.0184991823896
0.423592270458
0.68477560533
0.801153890033
0.694558680523
0.623932896188
0.592322067875
0.55734627023
0.630371646032
0.690157165907
0.717221971718
0.721383907471
0.719265182835
0.740937019552
0.555825134593
0.588367658483
0.535822200975
0.552028271392
0.570184655001
0.637452532419
0.745630266253
0.849749284251
0.916237579656
0.748675797102
0.513270278639
0.296884388259
0.0115850776594
0.402531061046
0.656818218859
0.768759676867
0.674831181107
0.586445051691
0.522349285338
0.487516909052
0.545042999245
0.608320068668
0.631334307584
0.650161077399
0.670788763154
0.699615913252
0.572205592347
0.61814877793
0.623817181227
0.603481770819
0.648344406839
0.658017742961
0.762901674879
0.846262624068
0.908643853254
0.808097874213
0.555085754022
0.294461436495
0.0027434767728
0.391629951161
0.666532299685
0.751521407268
0.641767124999
0.503571409169
0.409086612377
0.380315418339
0.465572354446
0.522074937661
0.580708197291
0.589687786911
0.627774850195
0.697380387129
0.508450994986
0.580393104909
0.62158274163
0.63134137
0.631052897492
0.631593987168
0.694040407882
0.756108174474
0.856359705117
0.860295100313
0.600147767462
0.334653642848
0.0368076795619
0.408753049062
0.670562222596
0.75041641088
0.637698630435
0.462970669245
0.336076991194
0.306643559892
0.402000293362
0.479371770982
0.542873207912
0.565018769727
0.597563466668
0.680394734698
0.54105219125
0.593631331048
0.622791501198
0.57447317097
0.465566921819
0.479113177924
0.575254382772
0.652384108479
0.753454336051
0.862576260505
0.631190342962
0.38242110467
0.021095978226
0.409755912057
0.659459562239
0.750482688933
0.641134223922
0.48003672456
0.35567302103
0.292900099417
0.331410907629
0.421845137527
0.496640463294
0.532643027495
0.577163951258
0.676733687178
0.54105219125
0.593631331048
0.622791501198
0.57447317097
0.465566921819
0.479113177924
0.575254382772
0.652384108479
0.753454336051
0.862576260505
0.631190342962
0.38242110467
0.021095978226
0.409755912057
0.659459562239
0.750482688933
0.641134223922
0.48003672456
0.35567302103
0.292900099417
0.331410907629
0.421845137527
0.496640463294
0.532643027495
0.577163951258
0.676733687178
0.508450994986
0.580393104909
0.62158274163
0.63134137
0.631052897492
0.631593987168
0.694040407882
0.756108174474
0.856359705117
0.860295100313
0.600147767462
0.334653642848
0.0368076795619
0.408753049062
0.670562222596
0.75041641088
0.637698630435
0.462970669245
0.336076991194
0.306643559892
0.402000293362
0.479371770982
0.542873207912
0.565018769727
0.597563466668
0.680394734698
0.572205592347
0.61814877793
0.623817181227
0.603481770819
0.648344406839
0.658017742961
0.762901674879
0.846262624068
0.908643853254
0.808097874213
0.555085754022
0.294461436495
0.0027434767728
0.391629951161
0.666532299685
0.751521407268
0.641767124999
0.503571409169
0.409086612377
0.380315418339
0.465572354446
0.522074937661
0.580708197291
0.589687786911
0.627774850195
0.697380387129
0.555825134593
0.588367658483
0.535822200975
0.552028271392
0.570184655001
0.637452532419
0.745630266253
0.849749284251
0.916237579656
0.748675797102
0.513270278639
0.296884388259
0.0115850776594
0.402531061046
0.656818218859
0.768759676867
0.674831181107
0.586445051691
0.522349285338
0.487516909052
0.545042999245
0.608320068668
0.631334307584
0.650161077399
0.670788763154
0.699615913252
0.507483987331
0.48305454901
0.485343314881
0.422105360373
0.42470215621
0.568627664025
0.696984891864
0.819173371434
0.924728776083
0.743600636704
0.507037425369
0.292328587028
0.0184991823896
0.423592270458
0.68477560533
0.801153890033
0.694558680523
0.623932896188
0.592322067875
0.55734627023
0.630371646032
0.690157165907
0.717221971718
0.721383907471
0.719265182835
0.740937019552
0.435382701428
0.478322730656
0.447104138032
0.372245250526
0.355040663215
0.462013983583
0.585674705144
0.761096956099
0.901720513057
0.763942566264
0.50731448936
0.285755108028
0.00577379626561
0.428745660689
0.718858279052
0.804658477886
0.692226996898
0.647210617527
0.612743857057
0.628364833517
0.714281833838
0.76727222352
0.80319710115
0.775329353028
0.754020415813
0.799662090584
0.431774350394
0.49422729026
0.446835222982
0.371865509879
0.377614859322
0.462017243159
0.527007763224
0.704629684962
0.865956441195
0.799842997072
0.516134903
0.276994453288
0.00618070004835
0.400874652991
0.669032394756
0.757291400694
0.704611214029
0.6906178527
0.668175126173
0.693950769532
0.779047443134
0.8198676612
0.842548336801
0.844843078561
0.793247787563
0.823509151261
0.451691991764
0.534960586289
0.494690150103
0.397357570094
0.409385950139
0.403921270366
0.490220727646
0.665399596899
0.811585077659
0.849200588897
0.578749191897
0.275072933021
0.00322480754918
0.355071085928
0.584599044944
0.707809401705
0.700386803062
0.716584181276
0.714959825721
0.743345846485
0.81385808891
0.860844882193
0.876374047253
0.881555143883
0.824393582981
0.805279427184
0.596920786862
0.662260624861
0.600831191973
0.463703530664
0.424161066533
0.419938285354
0.444609475588
0.609222428058
0.76920841188
0.852145616141
0.662335051854
0.335095315446
0.0
0.268548890929
0.541528089399
0.682432513188
0.707259076562
0.746927034383
0.746553812889
0.775948672538
0.826014135696
0.858940746334
0.88425950574
0.905585827362
0.857372890103
0.840882693279
0.732846751017
0.777905504881
0.722482927969
0.601025136766
0.504474855085
0.445588978286
0.429105300614
0.547244843079
0.673220407121
0.800862157948
0.729532305118
0.417047584382
0.0721892944647
0.187535379985
0.505459247147
0.673749545017
0.717908655805
0.768886257083
0.780919526492
0.810181830035
0.836465424044
0.856263547614
0.874834440684
0.896548651894
0.86990759101
0.838970951742
0.841598713554
0.86718258517
0.836248118953
0.73335524493
0.587014934292
0.505397858458
0.479321247549
0.519602005726
0.656572664106
0.762997289119
0.748285734464
0.521276884714
0.192027619477
0.132205700999
0.47361264281
0.682591689167
0.755370966953
0.805686330967
0.822405784662
0.833557881927
0.846980817393
0.842401112602
0.849414091149
0.857998185502
0.854401242985
0.817101367392
0.897719926334
0.919657961787
0.897899746296
0.820780885844
0.689355310122
0.580313245289
0.492184079143
0.528068755331
0.591185018987
0.707636644157
0.738402155667
0.589830121745
0.278928468597
0.15380854335
0.487137711669
0.708070711077
0.768105045281
0.827602635911
0.843008480331
0.855808836712
0.839354495227
0.811948520424
0.809862391551
0.831498916191
0.817916261483
0.764667278743
0.932224171932
0.951723501002
0.944576879825
0.891452847512
0.769074769249
0.635665741309
0.526452005454
0.50635834696
0.567758986924
0.643050854824
0.671440678426
0.592152569904
0.336021035133
0.15679648835
0.47978573718
0.70810330684
0.785853981844
0.84380110065
0.867515605222
0.854095929332
0.838455938677
0.814468172953
0.796922959913
0.775470601338
0.77864434219
0.764143030211
0.941301548842
0.961050235504
0.960905184356
0.930769314348
0.861319150554
0.738824814068
0.604778538949
0.512428221412
0.528908096244
0.588817480022
0.633684462143
0.576298533734
0.399547462148
0.194061051865
0.429282404264
0.696029835989
0.803665936884
0.865121989645
0.875438005574
0.840883779805
0.817456661216
0.803029232967
0.768285408506
0.736210090562
0.733751283458
0.717689720926
0.95797373868
0.97163462322
0.972884127493
0.962003118328
0.894570632303
0.797290205516
0.635320226215
0.539634818795
0.516022990879
0.566726244479
0.599097097347
0.54944016776
0.462551813683
0.379250623394
0.441602516393
0.666646384858
0.798418018938
0.851544224302
0.860906270882
0.826917038349
0.774781744199
0.743566411152
0.731678736154
0.720611931136
0.689492755592
0.71041597627
0.967666088997
0.98510210623
0.991405583654
0.981328603326
0.945394490229
0.865401226687
0.746921601756
0.567349366827
0.526283594009
0.536931000201
0.554195346411
0.515475925312
0.501355983767
0.511234129938
0.509110515937
0.667895889131
0.767558522977
0.82307073824
0.817226861082
0.781464419008
0.745129921281
0.715782868753
0.690868296817
0.672139314294
0.659961536999
0.653439667958
0.966332922265
0.975473317651
0.987925442623
0.993383603244
0.96924426722
0.915456367854
0.821348595394
0.664298403351
0.557257718405
0.512171801405
0.516894384293
0.500999603418
0.556008214132
0.609656494978
0.586563482966
0.6723039229
0.760504256463
0.811176000826
0.787768439695
0.740223172328
0.723383657571
0.681765929821
0.668657543475
0.631394609747
0.625244875674
0.631281067837
0.975773741939
0.981206369212
0.980486546099
0.987635340327
0.981044476919
0.94854378426
0.862047665872
0.767907297648
0.677381799612
0.57513051887
0.549528719584
0.559614392116
0.576781494298
0.673982061465
0.689340098765
0.741599800079
0.76252139097
0.78276770629
0.772114867471
0.70819892108
0.685794222944
0.644305248461
0.646797194591
0.607349258175
0.573785400357
0.554631043119
0.984604477571
0.987042097429
0.988911464473
0.964536895688
0.977966893569
0.970155862076
0.916178364019
0.827615674216
0.759843648987
0.665906461024
0.621095434963
0.631390263645
0.622906129633
0.724234950264
0.778165184465
0.813887425098
0.821279601028
0.802896676862
0.771229892488
0.715857295747
0.663057048019
0.619016368506
0.626425928843
0.59288271501
0.568513578852
0.544144442694
0.993936644701
1.0
0.995485486736
0.988823999174
0.985239008437
0.970705643956
0.924371852472
0.861752674211
0.803312272848
0.757911806729
0.726830659575
0.73218994638
0.723025104171
0.77706073134
0.826463413972
0.829774600294
0.841945858437
0.805070814297
0.742726526976
0.705232163327
0.670827334807
0.634462414368
0.635890108816
0.58417801633
0.580865743482
0.554326815991
0.991072563602
0.982355913143
0.991284979329
0.976880911378
0.981145523787
0.967016890038
0.934957869975
0.895372488089
0.826013592433
0.805290292438
0.792104219522
0.802534320623
0.818468216414
0.829078137478
0.8550336008
0.831249558599
0.82054293677
0.770473670772
0.720830866015
0.710980426244
0.674425907113
0.658691388743
0.632597936688
0.632063366165
0.597967654137
0.552755156921
0.965025832143
0.968501083809
0.974166227529
0.963537835533
0.941896421528
0.934225008556
0.915380854335
0.892314462197
0.860919309187
0.843251862033
0.841061969979
0.840751766962
0.832934759579
0.819617217082
0.830777463289
0.811424815155
0.784741379779
0.763645944815
0.732549586305
0.706701145741
0.672148006497
0.656631879743
0.64695637057
0.637180901056
0.61878004922
0.574844219413
0.955061850462
0.950923818268
0.949522200431
0.932079120784
0.924572859681
0.916283756988
0.901536346993
0.887301777012
0.880082901892
0.864984544175
0.856518337833
0.842015396066
0.822396549195
0.819171741646
0.80273098173
0.771053875365
0.773559403063
0.760612365746
0.738632499063
0.721029700173
0.696943060634
0.681419328201
0.672855334568
0.653730313517
0.619150011137
0.571461865673
0.934523259794
0.917340946255
0.914289439516
0.904762241067
0.907176500627
0.897188072124
0.882826921928
0.870546467977
0.85183649965
0.844039049725
0.844178124983
0.827806902696
0.807003199817
0.798055662699
0.774481863174
0.775777544778
0.775343477859
0.756152178755
0.738467890457
0.72207276461
0.70098004596
0.693911111353
0.680420268046
0.643080734274
0.59460974722
0.550146952568
0.898104556344
0.892951709376
0.882321144329
0.874342787916
0.875101725946
0.860546630956
0.86426635085
0.84884855465
0.835469080202
0.823545006601
0.829693110885
0.822059183042
0.797114731655
0.803180260006
0.789967023952
0.768611909406
0.741656842666
0.744963139624
0.7425162843
0.703236216066
0.68434914409
0.677113971088
0.652348796401
0.610850586452
0.57034383098
0.550339810836
0.879972076296
0.857691785324
0.848096135772
0.857942772704
0.854754363758
0.841856763349
0.833740418204
0.825665361025
0.823719393936
0.801930755733
0.796911551395
0.789427020802
0.772660303249
0.782202713054
0.764751484465
0.756897535217
0.741327625453
0.723052267307
0.716167498764
0.698257213171
0.672218630652
0.633400335736
0.617244788752
0.570857214257
0.527369032938
0.517916804746
0.84429112363
0.837028787492
0.828858659336
0.837959396544
0.842158274163
0.830747040576
0.827677606167
0.815079343521
0.801865564206
0.792683337589
0.776776061671
0.775806337703
0.770352523184
0.769992883258
0.760843795668
0.75158170943
0.721900007062
0.696138488534
0.686528714151
0.688367115221
0.662854411022
0.629853916653
0.596586137022
0.487159985441
0.372315331417
0.333575266335
0.829033589934
0.81891749469
0.811849646608
0.813674466109
0.821691394175
0.827529838705
0.81198165945
0.79870920776
0.797351594204
0.781057515225
0.764282648732
0.755610545816
0.754581062948
0.754361584806
0.731193602538
0.729473089481
0.686711250428
0.690881878385
0.667656310268
0.666781657277
0.638396179777
0.601482563983
0.49168156112
0.373783227307
0.329062382859
0.29944424223
